grasp_points: 
    - lower_bound:    [-0.61351, -0.0266192, 0.321904]
      upper_bound:    [-0.795701, -0.0586644, 0.319494]
      orientation:    [-0.059292, 0.730345, -0.677492, 0.0639174]
      distance:       0.17